$ANSIBLE_VAULT;1.1;AES256
35386331646166373437316531663762383535613531643630646435636134353534626262626161
3935396438383234636539366639663636646433363462650a313632323662393763323032333961
33333431616433333832636330373132633861303462313132643535326233343433346134663435
6561376234636430380a613566303939643239396666343332383437313861363737656230663263
31313533363732663531333766623937653363316436633439666432306235336430353061376538
63663163313062626533613739373563393530663733633432626330326234323431343336383164
65333762376561653266356366363366313464363034356464306566313734326365386565666362
63343536636239613161386631396365353139663061356632386430633563656432343661383433
30303437663161356630303161623262393863353731663430393637323936363661336336666431
37303362303064386335373334323831626466323134666136313061613362306436306230313135
32316432323262303939333236383333663931303639316534613961376364306261363832343039
66633130386365353763643632323734663762316334386465316431373133656634666465643239
30373365666461376533633337343637373164633638643766373330303636383032383963346539
62613261353735373431313438363663343766326133303036653931613934346137313035396137
33373031663031303635356439333430313932303464643034376664646530613238306330396633
35656130333134346562323562633739303364643637656434666634643662653435653362613438
62313131393333393330353662356134616433333737393936363361333463623430666161326231
38613736326339306531336361333161633734326138653738653734323361616164633730616330
65393036393133613638353437356565656636313432333865663034613735663235383234626630
30333066393263363165633130663230363736353764616464316466303565666235323739663661
61336439386564383663363733353430633239643131636331643634396265653635
