$ANSIBLE_VAULT;1.1;AES256
39333736393466656636313435663639333930396466393665333031656261613836396130336432
6135363966333666343233653864666332386138653833620a343762363532343832643431623135
35663831333539356164323565613732653835393866613432326561636132383233386237643035
3335623761393165320a383431626262386136373934373837336237393961323537643338626439
66383735383365313262363061316666316337333433383934646331316337653338353865323139
39356230363332323666363664633163623633623766636437666362383339643738373535666130
37633433383433363661343931653739326430626362653462383565346533616434653961346231
37646462316165376131323436313639346630646335616130633334623064363363393162643736
36326662626436383334356665623862653161663736323764636662353431613062653137646130
65613734386362656663303861303130373631643661356435666163363663373363646634643835
66663938386366376338663964323637313133353039366361633762383833643864653030353662
30366633303862396338626438313262616331643230396534373033663266316332306166336630
33306163623961353663396234636135383032613332396331393931316262643661633738663664
39613666356633373834393930386531623634323039626366633039643634343034623839373863
39313462646138346134633066336236656233356165613439373365623731363736323962393963
38366362623139613236613461353537343231353361316233663461346136383839323764323230
62333436636139393063343831313539616261663737393766326231383237326337646639633163
62363437383361663666386466636365633439663638616137626635373462666161663639323064
38643737363431643139656266636431613666383662643238306562646266386330623731306238
61633061393763356139646661616162633733336333393566303964666563633466343039386333
32376633383338626334613338383662633366326435356333363965323837343462393666306161
31663236663934316561663133393066303363656630343036636138343033623936323834396261
64343333623635363835646332393836613662306632316132396433633765333063373630306333
39633337646264303235663833613563636330353830333535313933663330666333343939323961
64646565616431656264643735646339363663343438636563303365396163366166356335656432
35336662306565623935633665646434353366336134396633386262363461306261313961303265
31613632356336366331656565643534653733616566643662306438383036353331303336646464
38326366663764346561633731646132343463383762613762613337656337643136613566616134
35393061326337616664346530333035616238303039613038366165356236396462643730316263
30623765656336643564373963653936393065623664623964323434383936623538323166666236
35616138346534323031353030343036633365306662656666636335613135326437663764643831
30663331663334643866303162386332343730643539383033656434653630383864386433373034
65386164666365626237343464376133393535633139353732616663623663303234666333313236
38646364303732623362616430633666636635373633343139393664633661376434613566626537
643765653766643136643365333530333166
